235 272 1
207 155 0
373 292 1
188 277 1
99 273 0
296 433 1
22 354 0
265 106 0
197 93 0
417 208 0
215 137 0
481 330 0
453 378 0
267 179 1
224 172 0
89 66 0
246 38 0
269 72 0
51 301 0
171 218 0
139 494 0
400 105 0
397 276 1
111 440 0
414 434 0
163 177 0
142 15 0
113 336 0
427 138 0
387 305 1
322 345 1
375 206 0
387 175 0
37 420 0
216 316 1
467 355 0
374 324 1
301 331 1
149 400 0
135 440 0
91 48 0
67 441 0
294 330 1
298 144 0
335 489 0
36 494 0
38 372 0
222 448 0
319 382 1
51 442 0
394 374 1
246 469 0
405 263 0
405 346 1
136 427 0
378 417 0
432 270 0
202 172 0
405 446 0
451 80 0
336 445 0
427 203 0
214 289 1
492 195 0
26 465 0
295 97 0
186 237 1
429 137 0
426 233 0
293 75 0
299 97 0
435 125 0
423 165 0
220 311 1
65 179 0
341 228 1
487 61 0
371 281 1
496 154 0
210 182 0
214 491 0
276 404 1
128 376 0
324 471 0
370 260 1
23 119 0
341 181 0
82 272 0
485 274 0
223 80 0
269 159 0
122 108 0
329 378 1
482 309 0
420 204 0
77 248 0
400 51 0
480 459 0
351 414 1
39 392 0
154 466 0
316 452 0
125 133 0
434 112 0
79 404 0
263 73 0
323 101 0
313 83 0
115 128 0
28 140 0
173 205 0
258 216 1
277 231 1
375 457 0
28 138 0
406 138 0
206 490 0
81 180 0
31 168 0
412 369 0
428 306 0
294 465 0
304 208 1
354 48 0
212 136 0
282 438 1
23 396 0
498 55 0
402 183 0
111 168 0
150 497 0
460 189 0
175 366 1
115 63 0
125 181 0
257 191 1
261 332 1
389 306 1
73 22 0
122 156 0
291 265 1
140 74 0
459 147 0
144 332 1
460 460 0
235 421 1
107 40 0
121 401 0
412 325 1
114 473 0
357 372 1
398 89 0
283 99 0
256 412 1
324 244 1
24 416 0
116 218 0
400 84 0
416 329 0
374 270 1
357 329 1
379 473 0
145 228 0
242 269 1
262 122 0
131 276 0
284 119 0
359 164 0
203 281 1
351 229 1
329 357 1
277 141 0
295 414 1
327 146 0
107 246 0
362 47 0
83 75 0
85 200 0
159 325 1
80 207 0
406 204 0
355 207 1
49 290 0
194 170 0
331 62 0
133 459 0
379 246 1
372 69 0
19 333 0
275 99 0
332 273 1
87 35 0
303 452 1
239 69 0
214 315 1
230 497 0
466 101 0
329 64 0
75 368 0
494 394 0
387 62 0
79 93 0
266 175 0
228 250 1
425 36 0
481 68 0
227 145 0
478 107 0
129 209 0
237 44 0
159 156 0
471 68 0
270 337 1
420 235 0
456 283 0
484 86 0
97 247 0
88 367 0
287 74 0
292 419 1
336 69 0
288 442 1
276 374 1
448 484 0
416 105 0
66 175 0
408 497 0
182 324 1
93 21 0
185 20 0
32 195 0
25 352 0
250 193 1
422 290 0
78 147 0
95 155 0
260 278 1
60 397 0
305 69 0
167 137 0
350 194 0
487 216 0
315 421 1
465 83 0
47 379 0
304 302 1
476 169 0
52 102 0
157 323 1
92 37 0
467 381 0
453 154 0
81 103 0
161 205 0
497 361 0
175 493 0
59 433 0
132 336 0
122 68 0
214 419 1
18 306 0
372 474 0
54 182 0
160 54 0
75 158 0
132 362 0
436 80 0
389 105 0
179 254 1
410 18 0
110 227 0
363 289 1
402 231 0
93 280 0
200 341 1
246 329 1
326 83 0
225 376 1
31 480 0
232 173 0
431 376 0
42 33 0
387 223 0
279 144 0
255 452 1
301 19 0
130 364 0
268 497 0
400 180 0
314 368 1
342 145 0
125 179 0
27 450 0
268 228 1
142 200 0
404 81 0
366 61 0
278 394 1
271 148 0
230 146 0
458 271 0
222 201 1
76 85 0
491 367 0
130 465 0
396 316 1
355 363 1
290 33 0
20 425 0
459 468 0
270 425 1
167 240 1
476 251 0
133 187 0
333 94 0
182 274 1
171 359 1
58 315 0
277 44 0
138 108 0
429 19 0
415 60 0
24 232 0
407 136 0
302 466 0
290 168 0
167 424 0
20 110 0
309 367 1
86 185 0
412 229 0
228 24 0
322 185 1
393 229 0
390 270 1
193 491 0
328 277 1
207 201 1
116 67 0
230 182 0
352 363 1
177 458 0
34 116 0
255 37 0
243 52 0
126 221 0
55 461 0
323 68 0
408 428 0
57 73 0
53 381 0
217 331 1
106 87 0
163 223 0
463 167 0
370 362 1
36 156 0
168 405 1
356 312 1
156 165 0
384 45 0
398 36 0
306 145 0
61 311 0
256 220 1
336 341 1
128 487 0
429 357 0
241 151 0
196 23 0
162 252 1
155 310 1
356 60 0
431 166 0
108 259 0
67 165 0
465 354 0
446 369 0
191 212 1
438 241 0
181 189 0
312 214 1
190 111 0
434 302 0
152 432 0
235 64 0
459 37 0
42 99 0
473 453 0
308 65 0
314 50 0
116 217 0
52 129 0
42 243 0
209 30 0
465 376 0
40 84 0
158 143 0
288 438 1
476 39 0
269 403 1
164 286 1
140 252 0
345 101 0
61 297 0
49 309 0
141 176 0
373 483 0
155 101 0
245 465 0
274 209 1
170 474 0
201 403 1
449 143 0
271 188 1
134 82 0
418 427 0
398 70 0
92 253 0
125 188 0
432 382 0
219 313 1
64 319 0
373 232 1
113 485 0
23 232 0
216 360 1
133 167 0
459 454 0
368 356 1
352 321 1
318 263 1
403 251 0
139 381 0
300 284 1
40 224 0
338 232 1
285 204 1
77 314 0
102 464 0
55 59 0
332 280 1
170 310 1
332 429 1
87 473 0
450 81 0
198 81 0
445 244 0
309 453 0
248 427 1
340 67 0
220 467 0
405 70 0
279 149 0
179 192 0
162 44 0
139 50 0
421 247 0
110 366 0
383 20 0
187 373 1
97 88 0
465 242 0
64 388 0
144 283 1
436 429 0
267 217 1
385 41 0
379 358 1
205 214 1
267 305 1
42 311 0
458 247 0
333 323 1
219 228 1
246 427 1
298 470 0
75 141 0
235 286 1
407 199 0
131 498 0
199 359 1
109 127 0
398 137 0
72 70 0
165 462 0
465 282 0
144 359 1
221 181 0
289 155 0
267 124 0
447 475 0
372 25 0
353 78 0
447 212 0
77 316 0
153 359 1
430 161 0
216 247 1
218 48 0
