178 444 0
366 114 0
476 263 0
149 226 0
60 203 0
427 284 1
308 154 0
180 200 0
472 403 1
358 445 1
73 451 0
38 360 0
176 112 0
264 436 0
105 127 0
119 27 0
194 199 0
284 157 0
345 205 0
296 396 1
402 491 1
277 31 0
192 90 0
330 46 0
100 454 0
401 178 0
202 108 0
221 154 0
43 171 0
235 380 0
15 331 0
362 258 0
273 25 0
251 364 0
262 457 0
204 458 0
278 190 0
301 376 1
151 306 0
473 269 0
128 226 0
52 57 0
270 110 0
377 190 0
43 104 0
67 23 0
130 206 0
342 155 0
53 149 0
337 244 0
176 113 0
403 16 0
420 204 0
106 385 0
467 276 1
420 266 0
112 175 0
323 43 0
92 298 0
228 180 0
438 421 1
46 172 0
89 421 0
347 311 1
247 473 0
209 310 0
126 182 0
50 277 0
23 443 0
38 355 0
477 26 0
154 477 0
402 455 1
424 33 0
475 215 0
439 238 0
401 257 0
179 378 0
231 80 0
80 205 0
393 168 0
84 452 0
377 156 0
463 298 1
154 440 0
62 87 0
363 164 0
230 44 0
371 121 0
252 318 0
479 246 0
442 416 1
247 115 0
293 240 0
443 90 0
333 403 1
288 320 1
361 187 0
438 197 0
345 227 0
417 450 1
267 160 0
144 294 0
333 41 0
97 182 0
225 365 0
418 238 0
464 453 1
385 150 0
88 423 0
313 244 0
362 394 1
160 304 0
114 27 0
226 341 0
113 236 0
336 363 1
298 433 1
295 79 0
20 451 0
406 360 1
309 257 0
259 422 0
89 157 0
19 187 0
481 122 0
18 50 0
436 354 1
447 413 1
65 312 0
91 464 0
109 422 0
344 422 1
234 84 0
323 272 0
147 289 0
82 344 0
78 294 0
300 198 0
28 189 0
60 119 0
240 195 0
46 463 0
38 126 0
344 145 0
250 439 0
361 379 1
266 183 0
63 334 0
156 76 0
111 104 0
210 370 0
403 86 0
372 355 1
354 270 0
26 52 0
208 248 0
219 209 0
158 22 0
485 453 1
308 90 0
76 41 0
63 64 0
375 319 1
314 283 0
243 192 0
354 141 0
319 305 1
396 387 1
233 145 0
183 352 0
166 122 0
284 375 1
182 355 0
283 134 0
24 375 0
171 275 0
384 328 1
83 236 0
418 278 1
409 316 1
248 25 0
192 142 0
207 490 0
387 105 0
394 67 0
150 156 0
115 351 0
356 394 1
148 390 0
399 428 1
223 339 0
441 63 0
498 179 0
365 21 0
317 295 1
449 483 1
351 30 0
117 400 0
385 488 1
188 25 0
152 340 0
125 392 0
123 18 0
365 143 0
466 46 0
497 272 0
266 432 0
45 226 0
123 111 0
115 472 0
375 296 1
280 367 1
406 345 1
228 204 0
470 487 1
50 70 0
117 154 0
429 184 0
381 405 1
19 359 0
309 142 0
179 263 0
189 98 0
253 192 0
205 401 0
379 71 0
273 403 1
473 331 1
333 476 1
221 245 0
351 206 0
54 477 0
385 260 0
290 326 1
149 214 0
18 20 0
455 442 1
162 388 0
314 184 0
299 30 0
359 115 0
350 340 1
308 204 0
356 135 0
271 168 0
303 143 0
356 188 0
412 380 1
472 326 1
109 125 0
184 462 0
292 306 0
16 492 0
363 321 1
155 409 0
189 191 0
175 460 0
112 348 0
270 498 0
339 115 0
87 227 0
467 71 0
49 296 0
366 407 1
457 355 1
34 78 0
229 39 0
381 489 1
152 352 0
486 202 0
257 285 0
258 380 0
372 403 1
239 320 0
385 317 1
448 446 1
182 297 0
400 117 0
238 449 0
298 29 0
112 250 0
182 308 0
44 365 0
482 245 0
402 83 0
55 115 0
432 213 0
467 359 1
40 328 0
318 148 0
365 331 1
263 469 0
349 241 0
292 202 0
72 408 0
197 312 0
400 72 0
452 268 0
241 83 0
104 417 0
91 41 0
245 494 0
118 267 0
392 336 1
295 111 0
245 22 0
85 122 0
235 70 0
452 79 0
358 186 0
319 437 1
186 44 0
281 136 0
332 281 1
208 333 0
363 446 1
357 165 0
78 144 0
326 435 1
270 104 0
185 332 0
467 400 1
337 254 0
134 264 0
445 473 1
47 377 0
354 284 1
362 418 1
486 450 1
460 330 1
129 158 0
334 472 1
218 82 0
66 272 0
375 44 0
407 84 0
240 358 0
80 443 0
252 198 0
209 473 0
231 227 0
75 209 0
184 258 0
391 303 1
91 367 0
65 166 0
66 69 0
258 174 0
243 393 0
225 373 0
17 320 0
495 371 1
199 111 0
141 473 0
187 196 0
382 430 1
203 197 0
426 450 1
226 71 0
454 198 0
130 413 0
15 346 0
163 469 0
284 243 0
212 435 0
149 221 0
60 235 0
390 285 1
281 425 1
484 402 1
151 146 0
73 140 0
193 402 0
365 252 0
78 387 0
35 377 0
21 498 0
266 373 0
371 208 0
316 428 1
428 463 1
392 419 1
71 124 0
332 166 0
352 252 0
86 384 0
166 94 0
352 308 1
475 152 0
125 63 0
98 240 0
301 387 1
97 332 0
494 19 0
436 138 0
197 92 0
473 44 0
237 213 0
252 103 0
452 156 0
208 50 0
436 348 1
297 244 0
119 243 0
317 91 0
19 342 0
135 155 0
80 34 0
103 183 0
268 391 1
259 206 0
66 370 0
132 301 0
185 220 0
118 159 0
280 38 0
460 122 0
363 448 1
21 435 0
244 248 0
255 60 0
315 472 1
490 38 0
472 476 1
437 479 1
65 183 0
274 299 0
200 412 0
351 442 1
212 241 0
274 479 0
305 98 0
310 281 0
160 327 0
398 337 1
404 349 1
468 127 0
484 182 0
335 249 0
418 265 0
234 157 0
357 480 1
140 78 0
38 130 0
215 470 0
415 210 0
207 169 0
265 488 0
119 484 0
436 419 1
293 484 1
390 462 1
395 286 1
294 458 1
177 312 0
112 110 0
347 371 1
452 313 1
63 103 0
304 250 0
447 97 0
313 206 0
160 200 0
307 280 0
228 485 0
77 209 0
484 74 0
214 288 0
334 184 0
456 205 0
89 384 0
115 53 0
356 424 1
248 463 0
316 106 0
36 121 0
210 203 0
363 321 1
230 318 0
298 439 1
72 344 0
208 149 0
305 54 0
219 380 0
420 370 1
132 190 0
35 57 0
192 242 0
276 86 0
80 182 0
292 60 0
350 328 1
482 400 1
442 178 0
24 263 0
411 27 0
450 153 0
375 120 0
153 449 0
