371 125 0
89 358 1
130 189 0
57 21 0
179 311 1
466 45 0
318 430 0
33 458 1
87 191 1
117 231 1
97 362 1
92 285 1
255 482 1
392 67 0
159 98 0
370 327 0
221 237 0
33 35 1
210 142 0
254 482 1
164 221 0
473 327 0
470 471 0
122 106 0
316 99 0
394 446 0
459 361 0
371 478 0
320 391 0
83 274 1
407 276 0
144 413 1
180 355 1
164 138 0
43 94 1
349 98 0
185 343 1
230 391 0
124 30 0
132 425 1
178 327 1
292 16 0
221 160 0
443 36 0
188 188 0
370 345 0
291 327 0
355 350 0
376 426 0
410 313 0
442 63 0
142 121 0
122 53 0
179 294 0
413 433 0
62 481 1
55 150 1
222 411 1
215 59 0
38 288 1
164 275 0
98 348 1
299 299 0
170 372 1
305 154 0
203 50 0
426 172 0
347 102 0
202 471 1
93 365 1
72 490 1
85 161 1
52 286 1
41 421 1
142 17 0
267 134 0
213 251 0
435 490 0
38 381 1
228 403 0
429 143 0
181 128 0
445 307 0
289 471 0
334 200 0
208 281 0
316 260 0
426 350 0
87 320 1
267 302 0
437 345 0
17 289 1
66 496 1
476 443 0
283 266 0
283 30 0
163 66 0
209 198 0
454 466 0
335 399 0
65 266 1
310 16 0
279 381 0
221 309 0
225 27 0
483 190 0
228 172 0
282 111 0
443 293 0
399 346 0
253 354 0
117 358 1
26 299 1
231 281 0
45 66 1
90 267 1
172 144 0
315 351 0
439 219 0
84 197 1
32 151 1
146 223 0
404 252 0
315 348 0
331 33 0
191 145 0
170 488 1
295 375 0
418 354 0
295 489 0
341 171 0
386 170 0
22 248 1
474 130 0
428 377 0
356 264 0
483 475 0
118 247 1
280 310 0
61 67 0
72 78 0
346 16 0
474 403 0
427 64 0
381 274 0
465 234 0
362 96 0
203 396 1
396 203 0
329 23 0
70 413 1
444 399 0
378 337 0
324 186 0
325 28 0
31 256 1
168 490 1
124 390 1
150 316 1
100 484 1
275 487 0
196 139 0
305 83 0
343 272 0
352 29 0
359 193 0
134 112 0
361 381 0
426 51 0
201 223 0
182 326 1
89 80 0
278 463 0
61 135 1
114 453 1
303 454 0
220 141 0
91 78 0
491 414 0
99 229 1
491 282 0
47 349 1
78 180 1
25 245 1
67 134 1
108 203 1
47 295 1
326 29 0
492 113 0
416 121 0
44 438 1
489 487 0
114 379 1
49 173 1
183 238 0
401 114 0
335 279 0
123 245 1
251 166 0
436 140 0
195 173 0
376 98 0
182 439 1
101 187 1
236 284 0
286 232 0
83 480 1
180 308 0
327 182 0
391 85 0
166 494 1
133 452 1
208 246 0
493 370 0
196 75 0
189 156 0
150 190 0
416 392 0
364 147 0
174 281 0
420 47 0
193 405 1
210 253 0
215 288 0
227 253 0
253 379 0
93 67 0
294 498 0
426 419 0
18 181 1
420 81 0
243 457 1
354 159 0
288 238 0
444 234 0
113 167 0
441 460 0
101 201 1
362 75 0
462 291 0
279 485 0
399 105 0
478 416 0
95 287 1
482 50 0
137 180 0
305 382 0
140 137 0
111 456 1
188 296 0
369 430 0
307 484 0
170 165 0
132 100 0
277 201 0
256 496 1
331 333 0
278 404 0
304 163 0
123 462 1
69 426 1
109 118 0
36 296 1
497 389 0
34 83 1
285 333 0
286 383 0
394 113 0
315 146 0
232 166 0
158 366 1
295 132 0
442 382 0
349 55 0
127 62 0
462 280 0
60 467 1
413 117 0
364 325 0
73 387 1
167 332 1
125 405 1
208 346 0
34 312 1
346 155 0
180 251 0
214 277 0
451 370 0
286 159 0
163 141 0
238 461 1
487 212 0
282 22 0
228 62 0
42 248 1
489 258 0
355 159 0
321 463 0
401 344 0
413 125 0
360 100 0
198 474 1
497 333 0
103 479 1
29 455 1
212 179 0
67 237 1
273 255 0
72 270 1
362 128 0
30 186 1
443 338 0
345 262 0
404 469 0
299 449 0
187 197 0
169 186 0
234 280 0
235 237 0
357 326 0
285 261 0
126 411 1
408 59 0
17 20 1
464 262 0
177 16 0
134 80 0
450 445 0
404 484 0
138 315 1
79 58 0
170 472 1
53 130 1
221 497 1
487 351 0
381 65 0
71 413 1
43 461 1
332 337 0
203 480 1
55 450 1
228 327 0
61 33 0
379 49 0
148 89 0
346 262 0
380 230 0
475 154 0
339 119 0
37 293 1
139 372 1
419 51 0
196 239 0
96 234 1
139 354 1
248 472 1
416 33 0
125 332 1
339 223 0
161 480 1
418 472 0
286 138 0
389 407 0
452 383 0
305 371 0
283 162 0
236 81 0
149 275 1
204 98 0
364 210 0
432 484 0
34 190 1
197 180 0
247 378 0
23 493 1
256 339 0
226 498 1
156 444 1
31 423 1
344 245 0
396 414 0
148 230 0
65 396 1
302 54 0
397 204 0
452 189 0
109 490 1
414 487 0
289 135 0
214 333 0
217 340 0
333 74 0
163 79 0
44 114 1
227 160 0
223 54 0
363 77 0
283 199 0
316 317 0
185 15 0
451 97 0
171 375 1
399 261 0
473 270 0
84 35 0
369 457 0
58 132 1
32 232 1
229 68 0
417 453 0
42 63 1
231 53 0
495 247 0
489 72 0
426 464 0
65 253 1
274 400 0
34 238 1
172 215 0
273 213 0
293 93 0
175 159 0
377 418 0
19 87 1
35 454 1
250 356 0
151 418 1
299 321 0
198 364 1
333 91 0
124 363 1
441 111 0
132 19 0
362 16 0
418 55 0
104 379 1
83 411 1
37 91 1
275 327 0
384 27 0
15 454 1
27 230 1
17 83 1
114 216 1
69 247 1
80 370 1
289 380 0
360 76 0
130 81 0
19 94 1
246 415 0
450 244 0
323 52 0
103 127 0
142 21 0
148 418 1
469 311 0
462 362 0
16 304 1
281 112 0
283 303 0
239 354 0
179 266 0
66 198 1
33 439 1
497 477 0
119 220 1
154 401 1
447 379 0
161 442 1
197 19 0
174 282 0
442 347 0
103 36 0
269 25 0
339 377 0
122 97 0
485 380 0
308 480 0
473 20 0
220 249 0
478 376 0
348 95 0
124 62 0
467 85 0
355 376 0
285 95 0
395 232 0
378 292 0
158 304 1
460 285 0
58 344 1
46 38 0
68 343 1
342 92 0
445 174 0
440 435 0
41 121 1
109 218 1
53 414 1
