278 195 1
24 317 1
229 327 0
327 72 0
484 78 0
264 399 0
435 280 1
58 169 0
227 262 0
285 353 0
382 110 0
231 64 0
70 317 1
208 58 0
346 34 0
360 310 1
289 174 1
321 98 0
247 390 0
431 79 0
78 257 1
142 286 1
467 25 0
190 165 1
370 154 0
401 67 0
322 318 1
481 263 1
151 455 0
93 287 1
62 62 0
364 127 0
135 276 1
186 411 0
275 332 0
74 93 0
296 77 0
318 283 1
200 98 0
155 175 0
83 101 0
489 16 0
209 379 0
196 317 0
489 365 0
290 437 0
475 203 1
198 455 0
85 459 0
229 349 0
52 179 0
303 171 1
404 373 1
370 129 0
220 327 0
79 395 1
352 57 0
262 322 0
49 234 0
392 372 1
230 447 0
323 69 0
150 303 1
213 467 0
297 206 1
463 290 1
233 186 1
244 377 0
275 131 1
23 264 1
125 315 1
453 400 0
287 427 0
83 41 0
407 372 1
375 469 0
303 92 0
128 284 1
88 120 0
92 154 0
269 222 1
400 312 1
154 426 0
329 196 0
19 115 0
441 133 0
26 402 0
186 354 0
145 491 0
474 135 0
323 415 0
176 490 0
66 210 0
19 171 0
326 17 0
169 129 0
494 46 0
288 136 1
290 19 0
33 111 0
471 221 1
312 404 0
67 370 1
358 176 0
195 163 1
410 57 0
248 229 1
221 142 1
67 68 0
373 161 0
401 164 0
295 409 0
355 174 0
268 126 1
99 352 1
240 405 0
404 95 0
450 365 0
43 452 0
394 83 0
362 312 1
401 168 0
441 93 0
431 257 1
433 360 1
234 312 0
480 245 1
271 77 0
123 71 0
193 366 0
47 228 0
251 350 0
483 53 0
429 437 0
363 475 0
221 225 1
207 223 1
236 393 0
414 408 0
125 497 0
200 132 1
191 452 0
76 386 1
244 173 1
458 488 0
131 492 0
130 95 0
191 166 1
119 331 1
362 355 1
493 305 0
353 217 0
472 271 1
216 334 0
280 273 1
118 271 1
340 139 0
300 120 0
342 412 0
188 315 0
360 196 0
180 285 1
105 324 1
321 104 0
239 54 0
202 218 1
444 45 0
273 299 0
172 316 0
182 150 1
146 296 1
200 365 0
73 74 0
305 45 0
331 165 0
167 477 0
165 110 0
427 347 1
220 408 0
88 414 0
106 33 0
257 82 0
112 277 1
116 326 1
159 249 1
455 328 1
295 222 1
182 58 0
288 468 0
261 274 0
143 199 1
159 225 1
175 103 0
412 212 0
465 203 1
416 292 1
41 197 0
43 48 0
258 235 1
470 283 1
32 384 0
458 139 0
219 137 1
389 131 0
158 458 0
233 61 0
275 72 0
476 89 0
245 411 0
126 214 0
238 98 1
88 170 0
178 199 1
383 378 1
108 122 0
143 225 1
302 210 1
146 166 0
328 95 0
173 80 0
292 32 0
425 351 1
484 199 1
75 378 1
24 423 0
205 498 0
289 288 0
452 61 0
29 175 0
357 402 0
426 292 1
82 72 0
97 41 0
207 103 0
130 160 0
333 154 0
299 47 0
125 350 1
336 352 1
79 454 0
250 183 1
316 276 1
90 69 0
153 229 1
74 294 1
34 233 1
194 294 0
265 251 1
45 302 1
200 303 0
172 282 1
355 376 1
445 433 0
201 227 1
433 137 0
122 16 0
65 217 0
389 386 1
176 132 0
199 17 0
25 272 1
99 151 0
107 91 0
103 389 1
38 337 1
108 104 0
263 150 1
260 265 0
142 402 0
259 297 0
92 402 1
442 76 0
368 327 1
441 284 1
69 70 0
494 144 1
493 254 1
17 266 1
134 359 1
243 324 0
120 38 0
393 278 1
218 331 0
455 359 0
32 95 0
453 148 0
27 184 0
368 474 0
296 472 0
84 257 1
112 472 0
387 81 0
402 60 0
51 52 0
190 113 0
401 328 1
194 204 1
432 97 0
276 214 1
265 436 0
414 463 0
60 478 0
364 149 0
343 271 1
118 425 0
317 454 0
198 232 1
119 224 0
318 18 0
437 403 0
308 343 0
56 341 1
218 478 0
170 486 0
15 351 0
110 418 0
132 222 1
214 419 0
79 175 0
345 126 0
152 390 0
206 250 1
204 436 0
279 466 0
173 207 1
242 353 0
31 350 1
44 496 0
483 375 0
383 327 1
371 288 1
340 79 0
193 284 0
379 54 0
68 115 0
460 27 0
223 171 1
492 458 0
303 277 1
102 334 1
464 41 0
239 497 0
323 129 0
229 462 0
379 466 0
245 81 0
444 202 0
64 134 0
314 99 0
380 210 0
72 152 0
438 230 1
492 337 0
92 238 0
360 251 1
435 236 1
469 193 1
438 473 0
385 396 1
51 118 0
44 149 0
322 318 1
446 116 0
32 204 0
423 84 0
278 202 1
116 226 0
314 121 0
354 36 0
387 479 0
473 287 1
443 60 0
339 321 1
204 385 0
208 103 0
369 38 0
245 228 1
446 87 0
428 358 1
80 436 0
29 211 0
474 104 0
72 390 1
174 486 0
25 256 1
326 292 1
47 209 0
475 206 1
337 172 0
263 464 0
395 159 0
64 162 0
169 202 1
194 407 0
229 370 0
430 322 1
393 247 0
77 351 1
256 180 1
340 180 0
415 234 0
192 146 1
461 189 0
109 35 0
352 279 1
383 385 1
19 294 1
409 150 0
228 468 0
377 235 0
92 116 0
64 201 0
248 467 0
469 55 0
100 75 0
480 347 0
142 338 1
318 281 1
271 148 1
421 373 1
177 403 0
36 475 0
122 354 1
202 427 0
269 83 0
304 41 0
291 236 1
491 238 1
199 243 1
484 136 0
406 479 0
249 15 0
28 40 0
97 243 0
87 476 0
31 333 1
430 295 1
454 37 0
268 72 0
497 344 0
339 278 1
488 412 0
40 439 0
175 386 0
453 43 0
22 97 0
136 489 0
313 57 0
157 20 0
335 373 0
139 349 1
82 375 1
75 55 0
110 77 0
191 308 0
271 350 0
288 329 0
143 383 0
82 39 0
135 390 0
268 424 0
193 23 0
466 73 0
31 65 0
490 282 1
492 313 0
473 238 1
132 473 0
303 57 0
213 398 0
430 81 0
90 115 0
90 45 0
386 139 0
46 330 1
324 48 0
320 364 0
462 399 0
338 389 0
246 231 1
416 492 0
37 75 0
409 498 0
333 483 0
114 344 1
206 247 1
260 110 1
370 225 0
136 15 0
340 115 0
364 291 1
246 294 0
27 96 0
389 255 1
298 47 0
103 380 1
36 107 0
135 491 0
187 345 0
171 102 0
